"hour","F0","F0.19","F0.38","F0.56","F0.75","F0.94","F1.12","F1.31","F1.5","F1.69","F1.88","F2.06","F2.25","F2.44","F2.62","F2.81","F3","F3.19","F3.38","F3.56","F3.75","F3.94","F4.12","F4.31","F4.5","F4.69","F4.88","F5.06","F5.25","F5.44","F5.62","F5.81","F6","F6.19","F6.38","F6.56","F6.75","F6.94","F7.12","F7.31","F7.5","F7.69","F7.88","F8.06","F8.25","F8.44","F8.62","F8.81","F9","F9.19","F9.38","F9.56","F9.75","F9.94","F10.12","F10.31","F10.5","F10.69","F10.88","F11.06","F11.25","F11.44","F11.62","F11.81","F12","F12.19","F12.38","F12.56","F12.75","F12.94","F13.12","F13.31","F13.5","F13.69","F13.88","F14.06","F14.25","F14.44","F14.62","F14.81","F15","F15.19","F15.38","F15.56","F15.75","F15.94","F16.12","F16.31","F16.5","F16.69","F16.88","F17.06","F17.25","F17.44","F17.62","F17.81","F18","F18.19","F18.38","F18.56","F18.75","F18.94","F19.12","F19.31","F19.5","F19.69","F19.88","F20.06","F20.25","F20.44","F20.62","F20.81","F21","F21.19","F21.38","F21.56","F21.75","F21.94","F22.12","F22.31","F22.5","F22.69","F22.88","F23.06","F23.25","F23.44","F23.62","F23.81"
"00",0,0,0,0,0,0,0,0,0,0,0,0,0,0,0,0,0,0.0857142857142857,0.0285714285714286,0,0.771428571428571,0.228571428571429,0,0,0.0571428571428571,0.371428571428571,0.571428571428571,0,0,0,0,0.0285714285714286,0,0.0857142857142857,0.0857142857142857,0.2,0.342857142857143,0.342857142857143,0.114285714285714,0.0857142857142857,0.0857142857142857,0.342857142857143,0.342857142857143,0.0571428571428571,0.0285714285714286,0,0,0,0,0,0,0,0,0,0,0,0,0.0285714285714286,0.0571428571428571,0.0571428571428571,0.0571428571428571,0.0857142857142857,0,0.171428571428571,0.114285714285714,0.0285714285714286,0.142857142857143,0.0857142857142857,0.114285714285714,0.142857142857143,0.0857142857142857,0.114285714285714,0.142857142857143,0.0571428571428571,0.2,0.0571428571428571,0.114285714285714,0.142857142857143,0.0857142857142857,0.0857142857142857,0.0571428571428571,0.114285714285714,0.0285714285714286,0.0285714285714286,0.114285714285714,0.0571428571428571,0,0.0857142857142857,0.0857142857142857,0.142857142857143,0.0571428571428571,0.0857142857142857,0.114285714285714,0.2,0.171428571428571,0.171428571428571,0.114285714285714,0.0571428571428571,0,0.0571428571428571,0.0571428571428571,0.0285714285714286,0,0.0571428571428571,0.0285714285714286,0.0857142857142857,0.0285714285714286,0.0571428571428571,0,0.0285714285714286,0.142857142857143,0.0571428571428571,0,0.0857142857142857,0.171428571428571,0.0571428571428571,0.114285714285714,0,0.142857142857143,0.171428571428571,0.0857142857142857,0.0857142857142857,0.0285714285714286,0.114285714285714,0.0857142857142857,0.0571428571428571,0.0857142857142857,0
"01",0,0,0,0,0,0,0,0,0,0,0,0,0,0,0,0,0,0.0303030303030303,0.0606060606060606,0.0303030303030303,0.636363636363636,0.303030303030303,0,0,0.0909090909090909,0.454545454545455,0.424242424242424,0.0303030303030303,0,0,0,0.0606060606060606,0.0303030303030303,0.0909090909090909,0.151515151515152,0.0909090909090909,0.424242424242424,0.333333333333333,0.121212121212121,0.0303030303030303,0.272727272727273,0.393939393939394,0.121212121212121,0.0909090909090909,0,0,0,0,0,0,0,0,0,0,0,0,0,0.121212121212121,0,0,0.0909090909090909,0.0303030303030303,0.121212121212121,0.0909090909090909,0.151515151515152,0.181818181818182,0.0303030303030303,0.272727272727273,0.0909090909090909,0.0303030303030303,0.272727272727273,0.0606060606060606,0.181818181818182,0.151515151515152,0.151515151515152,0.121212121212121,0.151515151515152,0.0909090909090909,0.181818181818182,0.181818181818182,0.0303030303030303,0.0303030303030303,0.0909090909090909,0.0303030303030303,0,0.151515151515152,0.0606060606060606,0.151515151515152,0.0606060606060606,0.0909090909090909,0.121212121212121,0.0909090909090909,0.121212121212121,0.151515151515152,0.212121212121212,0.181818181818182,0.212121212121212,0.0909090909090909,0.0303030303030303,0.0303030303030303,0.121212121212121,0.0303030303030303,0,0.0303030303030303,0.0303030303030303,0.0303030303030303,0.0606060606060606,0.0303030303030303,0.121212121212121,0.0909090909090909,0.0303030303030303,0,0.121212121212121,0.0909090909090909,0.0606060606060606,0.181818181818182,0.0606060606060606,0.0606060606060606,0.151515151515152,0.121212121212121,0.0606060606060606,0.0606060606060606,0.0303030303030303,0.151515151515152,0.0303030303030303,0.242424242424242,0.181818181818182,0
"02",0,0,0,0,0,0,0,0,0,0,0.0333333333333333,0,0,0,0,0,0,0,0.166666666666667,0.0333333333333333,0.733333333333333,0.1,0,0,0.166666666666667,0.5,0.333333333333333,0,0,0,0.0666666666666667,0.0333333333333333,0,0.133333333333333,0.2,0.366666666666667,0.1,0.366666666666667,0.0666666666666667,0.0666666666666667,0.366666666666667,0.266666666666667,0.233333333333333,0.0333333333333333,0,0,0,0,0,0,0,0,0,0.0333333333333333,0,0,0,0,0.1,0,0.0666666666666667,0.1,0.0333333333333333,0.0666666666666667,0.133333333333333,0.0666666666666667,0.166666666666667,0.166666666666667,0.0666666666666667,0.166666666666667,0.166666666666667,0.0666666666666667,0.133333333333333,0.1,0.0333333333333333,0.1,0.1,0.1,0,0.0666666666666667,0.133333333333333,0,0.166666666666667,0.0333333333333333,0.0666666666666667,0.1,0,0.1,0.0333333333333333,0.1,0.1,0.133333333333333,0.133333333333333,0.0666666666666667,0.166666666666667,0.0666666666666667,0.2,0.133333333333333,0,0,0.0666666666666667,0.0333333333333333,0.0666666666666667,0.0333333333333333,0,0.0333333333333333,0.0333333333333333,0.0666666666666667,0.0666666666666667,0.1,0.0333333333333333,0.1,0.1,0.1,0.1,0.0666666666666667,0.133333333333333,0.1,0.0666666666666667,0.2,0.1,0.0333333333333333,0.133333333333333,0.0666666666666667,0.0666666666666667,0.166666666666667,0.133333333333333,0
"03",0,0,0,0,0,0,0,0,0,0,0,0,0,0,0,0,0,0,0.153846153846154,0.0384615384615385,0.730769230769231,0.230769230769231,0,0.0769230769230769,0.115384615384615,0.384615384615385,0.423076923076923,0,0,0,0,0.0384615384615385,0.0769230769230769,0.0769230769230769,0.192307692307692,0.307692307692308,0.230769230769231,0.269230769230769,0,0.0769230769230769,0.423076923076923,0.384615384615385,0.115384615384615,0,0,0,0,0,0,0,0,0,0,0,0,0,0,0.0384615384615385,0,0,0,0.115384615384615,0,0.0384615384615385,0.230769230769231,0.0384615384615385,0.153846153846154,0,0.115384615384615,0.0384615384615385,0.0769230769230769,0.0769230769230769,0.153846153846154,0.0384615384615385,0.0769230769230769,0.0769230769230769,0.153846153846154,0.0384615384615385,0.0384615384615385,0.0384615384615385,0.0384615384615385,0.153846153846154,0.115384615384615,0.0384615384615385,0,0.0769230769230769,0.115384615384615,0,0.0384615384615385,0.153846153846154,0.115384615384615,0.115384615384615,0.0769230769230769,0.153846153846154,0.0769230769230769,0.115384615384615,0.230769230769231,0.0769230769230769,0,0.0384615384615385,0.0384615384615385,0.0769230769230769,0.0769230769230769,0,0,0.153846153846154,0.0384615384615385,0,0.0769230769230769,0.0384615384615385,0,0.0384615384615385,0.0384615384615385,0.0769230769230769,0,0.115384615384615,0.0384615384615385,0,0.0769230769230769,0.115384615384615,0,0.153846153846154,0,0.115384615384615,0,0.0769230769230769,0.0769230769230769,0
"04",0,0,0,0,0,0,0,0,0,0,0,0,0,0,0,0,0,0.0740740740740741,0.185185185185185,0.037037037037037,0.518518518518518,0.259259259259259,0,0.037037037037037,0.222222222222222,0.444444444444444,0.296296296296296,0,0,0,0,0.111111111111111,0.185185185185185,0.0740740740740741,0.37037037037037,0.333333333333333,0.111111111111111,0.259259259259259,0,0.148148148148148,0.222222222222222,0.592592592592593,0.0740740740740741,0,0,0,0,0,0,0,0,0,0,0,0,0,0,0.037037037037037,0.037037037037037,0,0.037037037037037,0.111111111111111,0.148148148148148,0.037037037037037,0.0740740740740741,0.037037037037037,0,0.111111111111111,0.0740740740740741,0.037037037037037,0.111111111111111,0.0740740740740741,0.111111111111111,0.148148148148148,0,0.0740740740740741,0.037037037037037,0.0740740740740741,0,0.037037037037037,0.037037037037037,0.0740740740740741,0.111111111111111,0.037037037037037,0.037037037037037,0,0.037037037037037,0.0740740740740741,0.0740740740740741,0.0740740740740741,0.185185185185185,0.0740740740740741,0.0740740740740741,0.148148148148148,0.222222222222222,0.0740740740740741,0.148148148148148,0.0740740740740741,0.0740740740740741,0,0.0740740740740741,0.111111111111111,0.037037037037037,0.111111111111111,0,0,0.185185185185185,0,0.037037037037037,0.037037037037037,0,0.037037037037037,0.0740740740740741,0.0740740740740741,0,0.037037037037037,0.037037037037037,0.0740740740740741,0.037037037037037,0,0,0.111111111111111,0.037037037037037,0.0740740740740741,0.0740740740740741,0,0.111111111111111,0
"05",0,0,0,0,0,0,0,0,0,0,0,0,0,0,0,0,0,0,0.107142857142857,0.0714285714285714,0.0714285714285714,0.178571428571429,0,0.0357142857142857,0.142857142857143,0.214285714285714,0.107142857142857,0,0,0.0357142857142857,0,0.0357142857142857,0.142857142857143,0.142857142857143,0.107142857142857,0.142857142857143,0.0714285714285714,0.0714285714285714,0.0357142857142857,0.0714285714285714,0.107142857142857,0.678571428571429,0.142857142857143,0,0,0,0,0,0,0,0,0,0,0,0,0,0,0,0,0,0,0,0.0357142857142857,0,0,0,0,0,0.0357142857142857,0,0,0.0357142857142857,0,0.0357142857142857,0,0.0357142857142857,0,0,0.0357142857142857,0,0,0.0357142857142857,0,0.0357142857142857,0,0.0357142857142857,0,0,0.0357142857142857,0,0.0357142857142857,0,0,0.0714285714285714,0,0.0357142857142857,0,0.0357142857142857,0,0,0.0357142857142857,0.0357142857142857,0,0,0,0,0.0357142857142857,0,0,0.0357142857142857,0,0,0.0357142857142857,0,0,0,0,0,0,0,0.0357142857142857,0,0.0357142857142857,0,0,0,0.0357142857142857,0
"06",0,0,0,0,0,0,0,0,0,0,0,0,0,0,0.0344827586206897,0,0,0,0,0.0344827586206897,0,0,0,0,0,0,0,0,0,0,0,0.103448275862069,0.344827586206897,0.241379310344828,0.206896551724138,0,0,0,0.0344827586206897,0.137931034482759,0.137931034482759,0.551724137931034,0.137931034482759,0,0,0,0,0,0,0,0,0,0,0,0,0,0,0,0,0,0,0,0,0,0,0,0,0,0,0,0,0,0,0,0,0,0,0,0,0,0,0,0,0,0,0,0,0,0,0,0,0,0,0,0,0,0,0,0,0,0.0344827586206897,0,0.0344827586206897,0,0,0,0,0,0,0,0,0,0,0,0,0,0,0,0,0,0,0,0,0,0,0,0,0
"07",0,0,0,0,0,0,0,0,0,0,0,0,0,0,0,0,0,0,0,0.0333333333333333,0,0,0,0,0,0,0,0,0,0,0,0.0333333333333333,0.1,0.2,0.333333333333333,0.133333333333333,0.2,0.0333333333333333,0.0333333333333333,0.1,0.1,0.4,0.333333333333333,0.0666666666666667,0,0,0,0,0,0,0,0,0,0,0,0,0,0,0,0,0,0,0,0,0,0,0,0,0,0,0,0,0,0,0,0,0,0,0,0,0,0,0,0,0,0,0,0,0,0,0,0,0,0,0,0,0,0,0.0333333333333333,0,0,0,0,0,0,0,0.0333333333333333,0.0333333333333333,0,0,0,0.0333333333333333,0.0333333333333333,0,0,0,0,0,0,0,0,0,0,0,0,0,0,0
"08",0,0,0,0,0,0,0,0,0,0,0,0.032258064516129,0,0,0,0,0,0,0,0,0,0,0,0,0,0,0,0,0,0,0,0,0.032258064516129,0.032258064516129,0.129032258064516,0.32258064516129,0.354838709677419,0.0967741935483871,0.225806451612903,0.0967741935483871,0.032258064516129,0.258064516129032,0.193548387096774,0.032258064516129,0.032258064516129,0,0,0,0,0,0,0,0,0,0,0,0,0,0,0,0,0,0,0,0,0,0,0,0,0,0,0,0,0,0,0,0,0,0,0,0,0,0,0,0,0,0,0,0,0,0,0,0,0,0,0,0,0,0,0,0,0,0,0.032258064516129,0,0,0.0645161290322581,0,0,0,0.032258064516129,0,0,0.0645161290322581,0,0,0,0.032258064516129,0,0,0,0,0,0.032258064516129,0,0,0,0
"09",0,0,0,0,0,0,0,0,0,0,0,0,0,0,0.0303030303030303,0,0.0303030303030303,0,0,0,0,0,0,0,0,0,0,0,0,0,0,0,0,0,0.0606060606060606,0.272727272727273,0.242424242424242,0.121212121212121,0.181818181818182,0.151515151515152,0.0303030303030303,0.0606060606060606,0.121212121212121,0,0,0,0,0,0,0,0,0,0,0,0,0,0,0,0,0,0,0,0,0,0,0,0,0,0,0,0,0,0,0,0,0,0,0,0,0,0,0,0,0,0,0,0,0,0,0,0,0,0,0,0,0,0,0,0,0,0,0,0.0606060606060606,0,0,0,0.0303030303030303,0.0303030303030303,0,0.0303030303030303,0,0,0,0,0,0,0,0,0,0,0.0303030303030303,0,0.0303030303030303,0,0,0,0.0303030303030303,0
"10",0,0,0,0,0,0,0,0,0,0,0,0,0,0,0,0,0,0,0,0,0,0,0,0,0,0,0,0,0,0,0,0,0,0,0,0,0.176470588235294,0.323529411764706,0.235294117647059,0.147058823529412,0.0294117647058824,0,0,0,0,0,0,0,0,0,0,0,0,0,0,0,0,0,0,0,0,0,0,0,0,0,0,0,0,0,0,0,0,0,0,0,0,0,0,0,0,0,0,0,0,0,0,0,0,0,0,0,0,0,0,0,0,0,0,0,0,0,0,0,0,0,0,0,0,0.0294117647058824,0,0.0294117647058824,0,0,0,0,0,0,0,0,0,0,0,0,0,0,0,0
"11",0,0,0.03125,0,0,0,0.03125,0,0,0,0.03125,0,0,0,0,0,0,0,0,0,0,0,0,0,0,0,0,0,0,0,0,0,0,0,0,0,0,0.0625,0.34375,0.09375,0,0,0,0,0,0,0,0,0,0,0,0,0,0,0,0,0,0,0,0,0,0,0,0,0,0,0,0,0,0,0,0,0,0,0,0,0,0,0,0,0,0,0,0,0,0,0,0,0,0,0,0,0,0,0,0,0,0,0,0,0,0,0,0,0,0,0,0,0,0,0,0.03125,0.03125,0.03125,0,0.03125,0.03125,0.03125,0.03125,0,0,0,0,0,0,0.03125,0.03125,0
"12",0,0,0,0,0,0,0,0.0625,0,0,0,0.0625,0,0.0625,0,0,0,0.03125,0,0.0625,0,0,0,0,0.03125,0.03125,0,0.03125,0,0,0.0625,0,0,0,0,0.03125,0.0625,0.21875,0.09375,0.125,0,0,0,0.0625,0,0,0,0.03125,0,0.03125,0,0,0,0,0,0,0,0,0,0,0,0,0,0,0,0,0,0,0,0,0,0,0,0,0,0,0,0,0,0,0,0,0,0,0,0,0,0,0,0,0,0,0,0,0,0,0,0,0,0,0,0,0,0,0,0,0,0,0,0,0,0,0,0.03125,0.03125,0.03125,0.03125,0.03125,0,0,0,0,0,0.03125,0.03125,0,0,0
"13",0,0,0,0.0303030303030303,0,0,0,0.0303030303030303,0,0,0.0303030303030303,0.0303030303030303,0,0.0606060606060606,0,0,0,0,0.0303030303030303,0,0,0.0303030303030303,0,0,0,0.0303030303030303,0,0,0,0,0,0,0,0,0,0.0606060606060606,0,0.121212121212121,0.303030303030303,0.242424242424242,0.0303030303030303,0,0,0,0.0303030303030303,0,0,0,0,0,0,0.0303030303030303,0,0,0,0,0,0,0,0,0,0,0,0,0,0,0,0,0,0,0,0,0,0,0,0,0,0,0,0,0,0,0,0,0,0,0,0,0,0,0,0,0,0,0,0,0,0,0,0,0,0,0,0,0,0,0,0,0,0,0,0,0,0.0303030303030303,0.0303030303030303,0,0,0,0.0303030303030303,0,0,0,0,0.0303030303030303,0,0,0.0303030303030303,0
"14",0,0,0,0,0,0,0,0,0,0,0,0,0,0,0,0,0,0,0,0,0,0,0,0,0,0,0,0,0,0,0,0,0,0,0,0,0.0571428571428571,0.0857142857142857,0.342857142857143,0.285714285714286,0.0571428571428571,0.0285714285714286,0,0,0,0,0,0,0,0,0,0,0,0,0,0,0,0,0,0,0,0,0,0,0,0,0,0,0,0,0,0,0,0,0,0,0,0,0,0,0,0,0,0,0,0,0,0,0,0,0,0,0,0,0,0,0,0,0,0,0,0,0,0,0,0,0,0,0,0,0,0,0.0571428571428571,0,0.0285714285714286,0,0,0.0285714285714286,0.0285714285714286,0,0,0,0.0285714285714286,0,0.0285714285714286,0,0,0
"15",0,0,0,0,0,0,0,0,0.0285714285714286,0,0,0.0285714285714286,0,0,0,0,0,0,0,0.0285714285714286,0,0,0,0.0285714285714286,0,0.0285714285714286,0,0,0.0285714285714286,0,0.0285714285714286,0,0,0,0,0,0.142857142857143,0.142857142857143,0.314285714285714,0.342857142857143,0.171428571428571,0,0.0857142857142857,0.0571428571428571,0.0857142857142857,0.0285714285714286,0,0,0,0.0285714285714286,0,0,0,0.0285714285714286,0,0,0,0.0285714285714286,0,0,0,0,0,0,0,0,0,0,0,0,0,0,0,0,0,0,0,0,0,0.0285714285714286,0,0,0,0,0,0,0,0,0,0,0,0,0,0.0285714285714286,0,0,0.0285714285714286,0,0,0.0285714285714286,0,0,0,0,0,0,0.0285714285714286,0,0,0,0.0571428571428571,0,0,0.0857142857142857,0,0.0285714285714286,0.0857142857142857,0.0571428571428571,0.0857142857142857,0.0285714285714286,0.0285714285714286,0.0285714285714286,0.0285714285714286,0.0285714285714286,0,0,0.0285714285714286,0
"16",0,0,0,0,0,0,0,0,0,0,0,0,0.0294117647058824,0,0,0,0,0,0,0.0882352941176471,0.205882352941176,0.0294117647058824,0,0,0,0,0,0,0,0,0,0,0,0,0,0,0.147058823529412,0.176470588235294,0.323529411764706,0.264705882352941,0.176470588235294,0.0882352941176471,0.117647058823529,0.147058823529412,0.264705882352941,0.323529411764706,0.205882352941176,0,0,0,0,0,0,0,0,0,0,0,0,0,0,0,0,0,0,0,0,0,0,0,0,0,0,0,0,0,0,0,0,0,0,0,0,0,0,0,0,0,0,0,0,0,0,0,0,0,0.0294117647058824,0,0,0,0,0,0,0.0588235294117647,0,0,0,0.0588235294117647,0,0.0588235294117647,0.0294117647058824,0.0588235294117647,0.0294117647058824,0.0882352941176471,0.0588235294117647,0.0882352941176471,0,0.0588235294117647,0.0588235294117647,0.0294117647058824,0,0.0588235294117647,0.0294117647058824,0,0.0294117647058824,0.0588235294117647,0.0294117647058824,0
"17",0,0,0,0,0,0,0,0,0,0,0,0,0,0.0285714285714286,0,0,0,0,0,0,0.485714285714286,0.114285714285714,0,0,0,0,0,0,0,0,0,0.0285714285714286,0,0.0571428571428571,0.0857142857142857,0.114285714285714,0.285714285714286,0.228571428571429,0.0571428571428571,0.142857142857143,0.171428571428571,0.228571428571429,0.285714285714286,0.114285714285714,0.0857142857142857,0.342857142857143,0.428571428571429,0.0285714285714286,0,0,0,0.0285714285714286,0,0.0285714285714286,0,0,0.0285714285714286,0,0,0,0,0,0,0.0285714285714286,0,0,0,0,0.0285714285714286,0,0,0,0.0285714285714286,0,0,0.0285714285714286,0,0,0,0.0285714285714286,0,0,0.0285714285714286,0.0285714285714286,0,0,0,0,0.0285714285714286,0.0285714285714286,0,0,0,0,0,0,0,0,0,0.0571428571428571,0,0.0285714285714286,0.0857142857142857,0,0,0.114285714285714,0.0571428571428571,0,0.0857142857142857,0.0285714285714286,0.0857142857142857,0.114285714285714,0.142857142857143,0.0285714285714286,0.0285714285714286,0.0857142857142857,0.0857142857142857,0.0571428571428571,0.0857142857142857,0.0857142857142857,0.0285714285714286,0.142857142857143,0.0285714285714286,0.114285714285714,0.0571428571428571,0.142857142857143,0.142857142857143,0
"18",0,0,0,0,0,0,0,0,0,0,0.0263157894736842,0,0,0.0789473684210526,0,0,0,0,0.0526315789473684,0,0.315789473684211,0.631578947368421,0.0263157894736842,0,0,0.0263157894736842,0.289473684210526,0.157894736842105,0.0263157894736842,0,0,0.184210526315789,0.0526315789473684,0.0526315789473684,0.0263157894736842,0.0526315789473684,0.105263157894737,0.105263157894737,0.131578947368421,0.210526315789474,0.210526315789474,0.0263157894736842,0.105263157894737,0.157894736842105,0.5,0.131578947368421,0,0,0,0,0.0263157894736842,0,0,0,0,0,0,0.0263157894736842,0,0,0,0,0.0263157894736842,0.105263157894737,0.0526315789473684,0.0263157894736842,0,0.0526315789473684,0.0526315789473684,0.0789473684210526,0.0526315789473684,0.0263157894736842,0.0263157894736842,0.0526315789473684,0.0263157894736842,0.0526315789473684,0,0.0526315789473684,0.105263157894737,0.0263157894736842,0.0789473684210526,0.0526315789473684,0,0.0526315789473684,0.105263157894737,0.0526315789473684,0,0.0526315789473684,0.0789473684210526,0.0263157894736842,0.105263157894737,0,0.105263157894737,0.0263157894736842,0.0526315789473684,0.0789473684210526,0.131578947368421,0.0789473684210526,0.0526315789473684,0.0263157894736842,0.0789473684210526,0.0263157894736842,0.105263157894737,0,0.0263157894736842,0.105263157894737,0.131578947368421,0.0526315789473684,0.0263157894736842,0.0263157894736842,0.0263157894736842,0.0526315789473684,0.0263157894736842,0.0526315789473684,0.105263157894737,0.0789473684210526,0.0789473684210526,0.105263157894737,0.0263157894736842,0.105263157894737,0.0789473684210526,0.0263157894736842,0.0526315789473684,0.0789473684210526,0.105263157894737,0,0.0263157894736842,0
"19",0,0,0,0,0,0,0,0,0,0,0,0,0,0.0769230769230769,0,0,0,0.0512820512820513,0.102564102564103,0,0.58974358974359,0.41025641025641,0,0,0,0.0512820512820513,0.897435897435897,0.0512820512820513,0,0,0,0.0769230769230769,0.0512820512820513,0,0.0256410256410256,0.153846153846154,0.102564102564103,0.0256410256410256,0.358974358974359,0.435897435897436,0.153846153846154,0.0512820512820513,0.102564102564103,0.230769230769231,0.102564102564103,0,0,0,0,0,0,0.0256410256410256,0,0,0,0,0.0256410256410256,0,0.0256410256410256,0.0512820512820513,0.0769230769230769,0.0769230769230769,0.128205128205128,0.0769230769230769,0.179487179487179,0.128205128205128,0.0769230769230769,0.256410256410256,0.179487179487179,0.0769230769230769,0.128205128205128,0.179487179487179,0.0769230769230769,0.205128205128205,0.153846153846154,0.102564102564103,0.102564102564103,0.205128205128205,0.230769230769231,0.0769230769230769,0.102564102564103,0.102564102564103,0.102564102564103,0.0769230769230769,0.179487179487179,0.102564102564103,0.153846153846154,0.0256410256410256,0.0512820512820513,0.153846153846154,0.0512820512820513,0.128205128205128,0.205128205128205,0.153846153846154,0.333333333333333,0.128205128205128,0.230769230769231,0.102564102564103,0.0769230769230769,0.0512820512820513,0.0769230769230769,0,0.102564102564103,0.0512820512820513,0.0256410256410256,0.0512820512820513,0.128205128205128,0.0256410256410256,0.0769230769230769,0.0769230769230769,0.128205128205128,0.0256410256410256,0.153846153846154,0.205128205128205,0.0256410256410256,0.102564102564103,0.153846153846154,0.179487179487179,0.0512820512820513,0.0769230769230769,0.102564102564103,0.0512820512820513,0.128205128205128,0.153846153846154,0.179487179487179,0.102564102564103,0.102564102564103,0
"20",0,0,0,0,0,0,0,0,0,0,0,0,0,0.0277777777777778,0,0,0,0.166666666666667,0,0.0555555555555556,0.666666666666667,0.277777777777778,0,0,0,0.138888888888889,0.833333333333333,0.0277777777777778,0,0,0,0.0833333333333333,0.111111111111111,0,0.0833333333333333,0.166666666666667,0.0555555555555556,0.25,0.527777777777778,0.138888888888889,0.0833333333333333,0.0555555555555556,0.388888888888889,0.305555555555556,0.0555555555555556,0,0,0,0,0,0,0,0,0,0,0,0,0.0277777777777778,0,0.0555555555555556,0.0833333333333333,0.111111111111111,0.138888888888889,0.111111111111111,0.138888888888889,0.166666666666667,0.138888888888889,0.138888888888889,0.0833333333333333,0.25,0.166666666666667,0.111111111111111,0.194444444444444,0.111111111111111,0.138888888888889,0.138888888888889,0.166666666666667,0.0833333333333333,0.166666666666667,0.166666666666667,0.0833333333333333,0.138888888888889,0.0833333333333333,0.138888888888889,0.0555555555555556,0.0833333333333333,0.138888888888889,0.0833333333333333,0.0833333333333333,0.111111111111111,0.111111111111111,0.25,0.111111111111111,0.194444444444444,0.222222222222222,0.194444444444444,0.138888888888889,0.0277777777777778,0.138888888888889,0.0277777777777778,0.111111111111111,0.0277777777777778,0.0277777777777778,0.0555555555555556,0.166666666666667,0.0555555555555556,0.0555555555555556,0.0555555555555556,0.138888888888889,0.111111111111111,0.111111111111111,0.0277777777777778,0.111111111111111,0.0833333333333333,0.111111111111111,0.166666666666667,0.0833333333333333,0.111111111111111,0.111111111111111,0.0833333333333333,0.0833333333333333,0.166666666666667,0.0555555555555556,0.138888888888889,0.111111111111111,0.166666666666667,0.138888888888889,0
"21",0,0,0,0,0,0,0,0,0,0,0,0,0,0,0,0,0,0.0285714285714286,0,0.0571428571428571,0.628571428571429,0.314285714285714,0,0,0,0.228571428571429,0.742857142857143,0.0285714285714286,0,0,0,0,0.0571428571428571,0,0.0857142857142857,0.0571428571428571,0.142857142857143,0.485714285714286,0.314285714285714,0.0571428571428571,0.0571428571428571,0.142857142857143,0.428571428571429,0.142857142857143,0,0,0,0,0,0,0,0,0.0285714285714286,0,0,0,0.0285714285714286,0.0285714285714286,0,0.0285714285714286,0.0857142857142857,0.0571428571428571,0.2,0.0571428571428571,0.0571428571428571,0.0571428571428571,0.285714285714286,0.0571428571428571,0,0.114285714285714,0.2,0.0571428571428571,0.142857142857143,0.0857142857142857,0.0571428571428571,0.2,0.142857142857143,0.0571428571428571,0.0571428571428571,0.114285714285714,0.114285714285714,0.0571428571428571,0.142857142857143,0.0571428571428571,0.0857142857142857,0.0285714285714286,0.0857142857142857,0.0571428571428571,0.0285714285714286,0.0857142857142857,0.0571428571428571,0.0571428571428571,0.142857142857143,0.0857142857142857,0.2,0.0571428571428571,0.285714285714286,0.0285714285714286,0,0.114285714285714,0.0285714285714286,0.0285714285714286,0.0285714285714286,0.0285714285714286,0.0285714285714286,0.0571428571428571,0.0571428571428571,0.0857142857142857,0,0.0571428571428571,0.114285714285714,0.0571428571428571,0.0857142857142857,0.0857142857142857,0.142857142857143,0.171428571428571,0.0857142857142857,0.114285714285714,0.0571428571428571,0.0857142857142857,0.171428571428571,0.114285714285714,0.2,0.0571428571428571,0.114285714285714,0.114285714285714,0.142857142857143,0
"22",0,0,0,0,0,0,0,0,0,0,0,0,0,0,0,0,0,0.0588235294117647,0,0.0588235294117647,0.617647058823529,0.323529411764706,0,0,0.0294117647058824,0.382352941176471,0.588235294117647,0,0,0,0,0,0,0,0.117647058823529,0.117647058823529,0.205882352941176,0.382352941176471,0.235294117647059,0.0882352941176471,0.0588235294117647,0.323529411764706,0.441176470588235,0.117647058823529,0,0,0,0,0,0,0,0,0,0,0.0294117647058824,0.0588235294117647,0,0,0.0588235294117647,0.0294117647058824,0.0882352941176471,0.0294117647058824,0.0882352941176471,0.147058823529412,0.0882352941176471,0.147058823529412,0.205882352941176,0.0294117647058824,0.0882352941176471,0.147058823529412,0.0882352941176471,0,0.176470588235294,0.176470588235294,0.0588235294117647,0.117647058823529,0.176470588235294,0.147058823529412,0.0882352941176471,0.0882352941176471,0.117647058823529,0.0294117647058824,0.0588235294117647,0.0882352941176471,0.0588235294117647,0.0588235294117647,0.147058823529412,0.0294117647058824,0.0588235294117647,0.176470588235294,0.0882352941176471,0.147058823529412,0.0588235294117647,0.0882352941176471,0.205882352941176,0.294117647058824,0.117647058823529,0.0882352941176471,0.0294117647058824,0.0294117647058824,0.0882352941176471,0.0588235294117647,0.0294117647058824,0.0588235294117647,0.0882352941176471,0.0588235294117647,0.0882352941176471,0.0882352941176471,0.0588235294117647,0.0294117647058824,0.0882352941176471,0.205882352941176,0.0294117647058824,0.0588235294117647,0.0882352941176471,0.0882352941176471,0.0882352941176471,0.147058823529412,0.0588235294117647,0.0588235294117647,0.117647058823529,0.147058823529412,0.0294117647058824,0.205882352941176,0.147058823529412,0.0882352941176471,0,0
"23",0,0,0,0,0,0,0,0,0,0,0,0,0,0,0,0,0,0.0833333333333333,0,0.111111111111111,0.555555555555556,0.333333333333333,0,0,0.0555555555555556,0.416666666666667,0.5,0.0277777777777778,0,0,0,0.0277777777777778,0,0.0833333333333333,0.0555555555555556,0.0833333333333333,0.25,0.416666666666667,0.222222222222222,0.0277777777777778,0.0833333333333333,0.333333333333333,0.444444444444444,0,0.0555555555555556,0,0,0,0,0,0,0,0.0277777777777778,0,0,0,0.0277777777777778,0.0277777777777778,0.0277777777777778,0.0277777777777778,0.111111111111111,0.0833333333333333,0.166666666666667,0.111111111111111,0.194444444444444,0.138888888888889,0.0555555555555556,0.166666666666667,0.111111111111111,0.111111111111111,0.138888888888889,0,0.0833333333333333,0.138888888888889,0.138888888888889,0.166666666666667,0.0833333333333333,0.111111111111111,0.138888888888889,0.166666666666667,0.0555555555555556,0.0833333333333333,0.111111111111111,0.0555555555555556,0.111111111111111,0.138888888888889,0.0277777777777778,0.0277777777777778,0.194444444444444,0.0833333333333333,0.166666666666667,0.111111111111111,0.0833333333333333,0.194444444444444,0.111111111111111,0.222222222222222,0.194444444444444,0.111111111111111,0.0555555555555556,0.0277777777777778,0.0555555555555556,0.0555555555555556,0,0.0555555555555556,0.111111111111111,0.138888888888889,0.0277777777777778,0.0555555555555556,0.0833333333333333,0.138888888888889,0.0277777777777778,0.138888888888889,0.138888888888889,0.111111111111111,0.0277777777777778,0.138888888888889,0.0555555555555556,0.166666666666667,0.166666666666667,0.0277777777777778,0.0833333333333333,0.138888888888889,0.111111111111111,0.111111111111111,0.166666666666667,0.0833333333333333,0.111111111111111,0
